spawn:
  world: world
  x: -17.454740731082023
  y: 78.0
  z: -39.95253080484834
  yaw: -141.29971
  pitch: 16.200037
