spawn:
  world: world
  x: -26.432947098486196
  y: 63.0
  z: -120.90773348195384
  yaw: -89.999756
  pitch: 7.8000093
